1
1
2
2
2
2
2
2
2
2
2
2
2
2
3
3
5
5
5
5
7
7
7
7
7
7
9
9
9
9
9
9
9
9
9
9
9
9
9
10
10
11
11
11
11
11
11
11
11
11
11
11
11
11
12
12
12
12
12
14
14
14
14
14
14
15
15
15
15
16
16
16
16
16
16
17
17
17
17
17
17
17
17
17
17
17
17
17
18
18
19
19
19
19
19
19
22
22
22
22
22
22
22
22
22
22
22
22
23
23
24
24
24
24
24
25
25
25
26
26
27
27
27
27
27
27
27
27
28
28
28
28
29
29
29
29
29
29
29
29
29
31
31
33
33
33
33
33
34
34
34
34
34
34
34
34
34
34
34
34
34
34
35
35
35
35
35
35
35
37
37
39
39
39
39
39
39
39
39
39
39
39
39
39
39
39
40
40
40
40
40
40
40
40
40
40
40
40
40
40
41
41
41
41
41
42
42
42
45
45
45
45
45
45
45
45
45
45
45
45
45
45
45
45
46
46
46
46
46
46
47
47
47
47
47
47
47
47
47
47
47
47
47
47
48
48
48
50
50
50
50
51
51
51
51
51
51
51
51
51
51
51
51
51
51
53
53
53
53
53
53
53
54
54
54
54
54
54
54
54
54
54
54
54
54
54
54
55
55
55
55
56
56
56
56
56
56
56
57
57
57
57
57
57
57
57
57
57
57
57
57
57
58
58
58
58
58
58
58
58
58
58
58
58
58
59
59
59
59
59
59
59
59
59
59
59
59
59
59
59
60
60
61
61
61
61
61
61
61
61
61
61
63
63
63
63
63
63
63
64
64
64
64
64
64
64
64
64
64
65
65
65
65
65
65
65
65
65
67
67
68
68
69
69
69
69
69
69
69
69
69
69
69
69
69
69
69
72
72
72
72
72
72
73
73
73
73
74
74
75
75
75
75
75
75
75
75
76
76
76
76
76
77
77
77
77
77
77
77
77
78
78
78
78
78
78
78
78
78
78
78
78
81
81
83
83
84
84
84
84
84
85
85
85
85
85
85
85
88
88
89
89
90
90
91
91
91
91
91
92
92
92
92
92
92
92
92
92
92
92
93
93
93
93
93
93
93
95
95
95
95
95
97
97
97
97
97
97
97
97
97
97
97
97
97
97
97
97
97
100
100
100
100
101
101
101
101
102
102
102
102
102
102
103
103
104
104
104
104
104
104
104
104
104
104
104
104
104
104
104
105
105
105
107
107
107
107
107
109
109
109
110
110
110
110
111
111
111
111
111
111
111
111
112
112
112
112
112
112
112
112
112
112
112
112
112
112
112
112
114
114
114
114
114
114
114
114
114
114
114
114
114
114
115
115
115
115
116
116
116
116
116
116
116
116
116
116
116
116
116
116
116
116
116
117
117
117
117
118
118
118
118
118
118
118
118
118
118
119
119
122
122
122
122
122
124
124
124
124
125
125
125
125
125
125
125
125
125
128
128
128
128
128
130
130
130
130
131
131
131
131
131
132
132
132
132
132
133
133
133
134
134
134
134
136
136
136
136
137
137
137
137
137
137
137
137
137
137
137
137
137
139
139
139
139
139
139
139
139
142
142
142
143
143
144
144
144
147
147
147
147
149
149
150
150
150
150
150
150
150
150
150
151
151
151
151
151
151
151
151
151
151
151
151
153
153
153
154
154
154
154
154
154
155
155
155
155
155
156
156
156
156
157
157
157
157
158
158
158
158
158
158
158
158
159
159
160
160
160
160
160
160
160
160
160
160
160
160
160
160
162
162
162
162
162
162
162
162
163
163
164
164
164
164
165
165
165
165
165
165
165
165
165
165
165
165
165
165
165
165
165
166
166
166
166
166
166
166
166
167
167
168
168
168
168
168
168
168
168
168
169
169
169
169
170
170
170
170
170
171
171
171
171
171
171
173
173
173
173
173
174
174
175
175
178
178
178
178
178
178
178
178
179
179
180
180
181
181
184
184
184
184
184
184
184
184
184
184
184
184
184
184
184
184
184
184
184
185
185
185
185
185
186
186
186
186
187
187
187
187
187
187
187
187
188
188
188
188
188
188
188
188
188
188
188
188
188
188
188
188
190
190
190
191
191
191
191
191
191
193
193
193
193
193
193
193
193
195
195
195
195
196
196
196
196
196
196
196
196
196
196
196
196
196
196
198
198
198
198
198
198
198
198
199
199
199
199
200
200
200
200
200
201
201
201
201
201
201
202
202
202
202
202
202
202
202
202
202
202
202
203
203
203
203
203
204
204
205
205
205
205
205
205
205
205
205
205
205
205
206
206
206
206
206
206
206
206
207
207
208
208
208
208
208
208
208
208
208
208
208
208
208
208
208
208
208
208
209
209
209
209
209
209
209
209
209
209
209
209
209
209
209
209
209
210
210
211
211
211
211
211
211
211
212
212
212
212
212
212
214
214
214
214
214
214
214
214
216
216
216
217
217
217
217
217
217
217
217
217
217
217
217
217
217
218
218
218
218
218
218
218
218
218
218
218
218
218
218
218
218
218
218
218
218
219
219
219
219
219
219
219
219
219
219
219
220
220
221
221
221
221
221
221
221
221
221
221
221
221
221
221
221
221
223
223
224
224
224
224
224
224
224
224
224
224
224
224
224
224
224
224
224
224
224
225
225
225
225
225
226
226
226
226
226
226
226
229
229
229
229
229
229
230
230
230
230
231
231
231
231
231
232
232
232
232
232
232
232
232
233
233
233
233
233
233
234
234
234
234
234
234
235
235
235
235
235
235
235
235
236
236
236
236
236
236
236
236
236
237
237
237
237
237
237
237
237
238
238
238
239
239
239
239
239
240
240
241
241
241
241
241
241
241
242
242
244
244
244
244
244
244
244
247
247
247
247
247
247
247
247
248
248
248
248
248
248
250
250
251
251
252
252
252
252
252
252
252
252
252
254
254
255
255
255
255
255
257
257
257
257
257
257
257
259
259
259
259
259
259
259
259
259
259
259
259
259
261
261
261
261
261
261
261
261
261
261
261
261
261
261
261
262
262
262
262
262
262
264
264
264
264
264
264
264
265
265
265
265
265
265
265
265
266
266
266
266
266
266
266
267
267
267
267
267
267
267
267
267
267
267
267
267
267
267
267
269
269
269
269
269
269
272
272
272
273
273
273
273
274
274
274
274
274
274
275
275
275
276
276
277
277
277
277
277
277
277
277
278
278
278
278
278
278
278
279
279
279
279
279
279
279
279
279
281
281
283
283
283
283
284
284
284
284
284
284
284
284
284
284
284
284
285
285
285
289
289
289
289
289
289
289
289
289
289
289
289
289
289
289
289
289
290
290
290
290
290
290
290
290
290
290
290
290
290
290
290
291
292
292
292
293
293
295
295
295
295
295
295
295
295
295
295
295
295
295
295
296
296
296
296
296
296
296
296
297
297
297
297
297
297
297
297
297
297
297
297
297
297
298
298
298
300
300
300
300
300
301
301
301
301
301
301
301
301
301
301
301
301
301
301
301
303
303
303
303
303
303
303
303
303
303
304
304
304
304
304
304
304
304
304
304
304
304
304
304
304
304
304
305
305
305
305
305
305
306
306
306
306
306
306
306
307
307
307
307
307
307
307
307
307
307
307
308
308
308
308
308
308
308
308
308
309
309
309
309
309
309
309
309
309
309
309
309
309
311
311
311
311
311
311
311
311
313
313
313
313
314
314
314
314
314
314
314
314
314
314
314
314
315
315
315
315
315
315
315
315
317
317
318
318
318
318
319
319
319
319
319
319
319
319
319
319
319
319
320
320
322
322
322
322
322
322
323
323
323
323
324
324
325
325
325
325
325
325
325
325
325
325
327
327
327
327
327
327
327
327
328
328
328
328
328
328
328
328
328
328
328
328
331
331
331
331
331
334
334
334
334
334
335
335
335
335
335
335
335
337
337
338
338
338
338
338
339
339
339
339
339
339
339
340
340
340
340
340
340
341
341
341
341
342
342
342
342
342
342
342
342
342
343
343
343
343
343
343
343
345
345
347
347
347
347
347
347
347
347
347
347
347
347
347
347
350
350
350
350
351
351
351
351
353
353
353
354
354
354
354
354
354
354
354
354
354
354
354
354
354
354
355
355
355
355
356
356
357
357
357
357
357
360
360
360
360
361
361
362
362
362
362
362
362
362
362
362
362
362
362
362
362
362
364
364
364
364
364
364
364
364
364
364
364
364
364
364
365
365
366
366
367
367
367
367
368
368
368
368
368
368
368
368
368
369
369
370
370
372
372
372
372
373
373
374
374
374
374
374
374
374
374
374
374
374
374
374
375
375
375
375
375
375
377
377
377
377
378
378
378
378
378
380
380
380
380
380
381
381
381
381
381
381
381
381
381
382
382
382
382
382
382
383
383
383
384
384
384
384
386
386
386
386
386
386
386
387
387
387
387
387
387
387
387
387
387
387
387
389
389
389
389
389
390
390
391
391
391
391
391
391
392
392
392
393
393
394
394
394
396
396
396
396
397
397
397
397
399
399
399
399
399
400
400
400
400
400
400
400
400
401
401
401
401
401
401
401
401
401
401
401
402
402
403
403
403
403
403
404
404
404
404
404
404
404
404
405
405
405
407
407
407
407
407
407
407
408
408
408
408
408
408
408
410
410
410
410
410
410
410
410
410
410
410
410
412
412
412
412
412
412
412
412
413
413
413
413
414
414
414
414
414
414
414
415
415
415
415
415
415
415
415
415
415
415
415
415
415
415
416
416
416
416
416
416
416
416
416
418
418
418
418
418
418
418
418
418
419
419
419
419
420
420
420
420
420
421
421
421
421
421
421
421
421
423
423
423
424
424
424
424
425
425
428
428
428
428
428
428
430
430
431
431
431
431
431
431
431
431
431
434
434
434
434
434
434
434
434
434
434
434
434
434
434
434
434
436
436
436
437
437
437
437
437
437
437
438
438
438
438
438
438
438
438
438
438
438
438
438
438
438
438
440
440
440
441
441
441
441
441
441
442
442
442
442
442
442
442
442
442
442
442
442
442
442
442
443
443
443
443
443
443
445
445
445
445
446
446
446
446
446
446
446
446
446
446
446
446
446
446
446
446
446
446
446
446
446
446
446
448
448
448
448
448
448
448
448
449
449
449
449
450
450
450
450
450
450
451
451
451
451
451
451
451
451
452
452
452
452
452
452
452
452
453
453
454
454
455
455
455
455
455
455
455
455
455
455
455
455
455
456
456
456
456
456
457
457
458
458
458
458
458
458
458
458
458
458
458
458
458
458
458
459
459
459
459
459
459
459
459
459
459
459
459
459
459
459
460
460
460
460
461
461
461
462
462
462
462
462
462
464
464
464
464
464
464
464
465
465
466
466
466
467
467
467
467
467
467
467
467
467
467
467
467
467
468
468
468
468
468
468
468
468
468
468
468
468
468
468
468
469
469
469
469
469
469
469
469
469
469
469
469
469
469
469
469
470
470
471
471
471
471
471
471
471
471
471
471
471
471
471
471
471
471
471
471
473
473
474
474
474
474
474
474
474
474
474
474
474
474
474
474
474
474
474
475
475
475
475
475
475
475
475
475
476
476
476
476
476
479
479
479
479
479
479
479
479
479
481
481
481
481
481
483
483
483
483
483
484
484
484
484
484
484
484
484
484
484
484
484
484
484
484
484
484
485
485
485
485
485
485
485
485
486
486
486
486
486
486
486
487
487
487
487
487
487
487
487
487
487
487
487
488
488
488
489
489
489
489
489
490
490
490
491
491
491
491
491
491
491
492
492
494
494
494
494
494
494
495
495
495
495
497
497
497
497
498
498
498
498
502
502
502
502
502
502
502
502
502
502
502
502
502
502
502
502
502
502
503
503
503
503
505
505
508
508
508
508
508
508
508
508
508
508
509
509
509
509
509
509
510
510
510
510
510
510
510
511
511
511
512
512
512
512
512
512
512
512
512
512
512
512
513
513
513
513
513
513
513
513
513
513
513
513
514
514
514
514
514
514
514
514
514
514
514
515
515
515
515
515
515
515
515
515
515
515
515
515
516
516
516
516
516
516
516
516
516
516
516
517
517
517
517
518
518
519
519
519
519
519
520
520
520
520
520
520
520
520
520
520
521
521
521
524
524
524
524
525
525
526
526
526
526
526
526
526
526
526
526
526
526
527
527
528
528
528
528
528
528
528
528
528
528
528
528
528
529
529
529
529
529
529
529
529
529
529
529
529
529
529
529
529
529
531
531
532
532
532
532
532
532
532
532
532
532
532
532
532
532
532
532
534
534
534
534
535
535
535
535
535
535
537
537
537
537
537
537
537
537
537
537
537
537
537
537
537
538
538
538
538
538
538
538
538
538
538
538
538
538
539
539
539
539
539
539
539
539
539
539
539
539
539
539
539
539
540
540
540
540
540
540
540
540
542
542
543
543
543
543
543
543
543
543
545
545
545
545
547
547
547
547
547
549
549
550
550
550
551
551
551
551
551
551
551
551
551
551
552
552
552
552
552
552
552
552
552
552
552
552
552
552
552
554
554
554
554
554
554
554
554
554
554
554
554
554
554
555
555
555
557
557
557
557
557
557
557
557
557
557
557
557
559
559
559
559
559
559
559
559
559
559
559
559
559
559
560
560
560
561
561
562
562
562
562
562
562
562
562
563
563
563
563
563
563
563
563
563
563
563
564
564
564
564
564
564
564
564
564
564
564
564
564
564
564
565
565
565
565
565
565
566
566
567
567
567
568
568
569
569
569
569
569
569
569
569
569
569
569
569
569
569
570
570
570
570
570
570
570
570
570
571
571
571
571
571
571
571
571
571
571
572
572
572
572
572
572
572
572
574
574
574
574
574
574
574
574
575
575
575
575
575
575
575
575
577
577
578
578
579
579
579
579
579
579
579
580
580
581
581
581
581
581
581
581
582
582
582
582
582
583
583
583
583
584
584
584
584
584
584
584
584
585
585
586
586
586
586
586
587
587
587
587
588
588
588
588
589
589
589
589
589
589
590
590
590
590
590
590
590
590
590
590
590
590
590
591
591
591
591
592
592
592
592
593
593
593
593
593
593
593
593
593
593
593
593
593
593
593
593
593
593
593
593
593
593
593
593
593
593
594
594
594
594
594
594
594
594
594
594
594
594
594
594
594
595
595
595
595
596
596
596
596
596
597
597
597
597
598
598
598
598
598
598
598
598
598
598
598
598
598
598
598
600
600
600
600
600
600
601
601
601
601
601
601
602
602
602
602
602
602
603
603
603
603
603
603
603
603
603
603
603
603
603
604
604
605
605
605
605
606
606
606
606
606
606
606
606
607
607
607
608
608
608
608
608
608
609
609
609
609
609
609
609
609
610
610
610
610
610
611
611
611
611
611
611
612
612
612
612
612
612
612
612
612
612
612
613
613
613
613
614
614
614
614
614
614
617
617
618
618
618
618
618
618
618
620
620
620
621
621
621
621
622
622
622
622
622
622
622
622
622
622
622
623
623
623
623
623
623
623
623
624
624
624
624
624
624
624
624
624
624
624
624
624
624
626
626
626
626
626
626
626
626
626
626
626
626
626
626
626
626
626
627
627
627
627
627
627
627
627
627
627
627
627
627
627
627
628
628
628
628
628
628
629
629
629
629
629
629
631
631
631
631
632
632
632
632
632
634
634
635
635
635
635
635
635
635
635
635
635
635
635
635
635
635
636
636
636
636
636
636
636
639
639
639
639
639
640
640
640
640
640
640
640
641
641
641
641
641
641
642
642
642
642
643
643
643
643
643
643
643
643
643
643
644
644
644
644
644
644
644
644
644
644
644
644
644
644
644
644
644
644
645
645
646
646
649
649
650
650
650
650
650
650
650
652
652
652
652
652
653
653
653
653
653
653
653
653
653
654
654
654
655
655
655
655
655
655
656
656
657
657
657
657
657
657
657
657
657
657
657
657
657
657
657
657
657
658
658
658
658
658
658
658
658
658
658
658
659
659
659
659
659
659
659
659
659
660
660
660
660
660
660
660
660
662
662
662
662
663
663
663
665
665
665
665
665
665
665
665
665
665
665
665
665
665
665
665
665
665
665
665
665
666
666
667
667
667
668
668
668
668
668
668
669
669
669
669
669
669
669
669
669
670
670
670
670
670
670
670
670
670
670
670
670
670
671
671
671
671
671
671
672
672
672
672
672
672
672
672
672
672
672
672
672
672
673
673
673
673
673
674
674
675
675
675
675
675
675
675
675
675
675
675
675
676
676
676
676
676
676
676
676
679
679
679
679
680
680
680
680
680
681
681
682
682
682
682
682
682
682
682
682
682
682
682
682
683
683
683
684
684
684
684
684
684
684
684
684
684
684
684
684
684
686
686
686
688
688
688
688
688
688
688
688
688
688
688
688
688
688
689
689
689
689
689
689
689
690
690
690
690
690
691
691
691
692
692
692
692
693
693
693
693
693
693
693
693
693
694
694
694
694
694
694
694
694
694
694
694
694
694
694
694
694
695
695
696
696
696
696
696
698
698
698
698
698
698
698
698
698
698
698
698
700
700
700
700
700
700
700
700
700
700
700
700
700
700
701
701
701
701
701
701
701
703
703
703
703
703
703
703
703
703
703
703
703
703
703
703
703
704
704
704
704
704
704
704
704
704
704
704
705
705
705
705
706
706
706
706
706
706
706
707
707
707
707
707
707
707
707
707
707
707
707
707
707
707
707
707
707
709
709
709
709
709
709
709
709
709
709
710
710
710
710
710
711
711
711
711
711
711
711
712
712
712
712
712
712
712
714
714
714
714
714
714
714
715
715
715
715
715
715
715
715
715
715
715
715
715
715
715
715
715
715
716
716
716
716
716
717
717
717
717
717
717
717
717
717
717
717
717
717
717
717
717
717
717
717
717
717
719
719
719
719
719
719
719
719
719
719
719
719
719
720
720
720
720
720
720
720
720
720
720
721
721
721
721
721
721
721
721
721
721
721
721
721
721
722
722
722
722
723
723
724
724
724
725
725
726
726
726
726
726
726
726
730
730
730
730
731
731
731
731
731
731
731
731
731
731
731
731
732
732
732
732
733
733
735
735
735
735
735
735
735
736
736
737
737
738
738
738
738
738
738
739
739
739
739
739
739
739
739
739
740
740
742
742
743
743
743
743
744
744
744
745
745
745
745
747
747
747
747
747
747
747
747
747
747
747
747
747
747
747
747
747
747
747
752
752
752
752
752
752
752
752
752
752
752
752
752
752
752
752
752
752
752
753
753
753
753
755
755
757
757
757
757
757
757
758
758
758
758
758
758
758
758
758
758
759
759
759
759
759
759
760
760
760
760
760
760
760
760
762
762
762
762
762
762
762
762
762
763
763
763
763
763
763
763
763
763
763
763
763
764
764
764
764
764
764
764
764
764
765
765
765
765
765
765
765
765
765
765
765
765
765
765
765
766
766
766
766
766
766
766
767
767
767
767
767
768
768
769
769
769
769
769
770
770
770
770
770
770
770
770
770
770
771
771
773
773
774
774
774
774
774
775
775
776
776
776
776
776
776
776
776
776
776
776
776
776
776
777
777
777
778
778
778
778
778
778
778
778
778
778
778
778
778
778
779
779
779
779
779
779
779
779
779
779
779
779
779
780
780
780
780
782
782
782
782
782
782
782
782
782
782
782
782
782
782
782
782
782
783
783
783
783
783
783
784
784
784
785
785
785
785
785
785
787
787
787
787
787
787
787
787
787
787
787
787
787
787
787
787
788
788
788
788
788
788
788
788
789
789
789
789
789
789
789
789
789
789
789
789
789
789
789
789
790
790
790
790
791
791
791
791
791
793
793
793
793
793
793
793
793
794
794
794
794
795
795
795
795
795
795
795
797
797
797
797
797
797
797
797
799
799
800
800
800
800
800
800
801
801
801
801
801
801
801
801
802
802
802
802
802
802
802
802
802
802
802
802
802
802
802
802
804
804
804
804
804
804
804
804
804
804
804
804
804
804
805
805
805
806
806
807
807
807
807
807
807
808
808
809
809
809
809
809
809
809
809
809
809
809
809
809
809
810
810
811
811
811
812
812
812
812
812
812
812
812
812
812
812
812
812
812
812
812
812
812
813
813
813
813
813
813
813
813
813
814
814
814
814
814
814
814
814
814
814
814
814
815
815
815
815
815
815
816
816
817
817
817
819
819
819
819
819
819
819
819
819
819
819
819
819
819
819
820
820
820
820
820
820
820
820
820
821
821
821
821
821
821
821
821
821
821
821
821
822
822
822
822
822
822
822
822
822
822
824
824
824
824
824
824
824
824
824
825
825
825
825
825
825
825
825
825
825
826
826
827
827
829
829
829
829
829
829
829
829
830
830
831
831
831
831
831
831
832
832
832
832
832
832
833
833
833
833
834
834
834
834
834
834
834
834
835
835
835
835
835
835
835
836
836
836
836
836
836
836
838
838
838
838
839
839
839
839
839
840
840
840
840
840
840
840
840
840
840
840
840
840
841
841
841
842
842
843
843
843
843
843
843
843
843
843
843
843
843
843
843
843
843
843
843
844
844
844
844
844
844
844
844
844
844
844
844
844
844
844
845
845
845
845
845
845
846
846
847
847
847
847
847
848
848
848
848
848
848
848
848
848
848
848
848
848
848
849
849
850
850
850
850
850
851
851
851
851
851
851
852
852
852
852
852
853
853
853
853
853
853
853
853
853
853
853
853
853
854
854
855
855
855
855
855
855
856
856
856
856
856
856
856
856
856
857
857
858
858
858
858
858
858
858
858
858
858
859
859
859
859
859
859
859
859
860
860
860
860
860
861
861
861
861
861
861
861
861
861
861
861
862
862
862
862
862
862
862
862
862
862
862
862
863
863
863
864
864
864
864
864
864
867
867
868
868
868
868
868
868
868
870
870
870
871
871
871
871
872
872
872
872
872
872
872
872
872
872
873
873
873
873
873
873
873
873
874
874
874
874
874
874
874
874
874
874
876
876
876
876
876
876
876
876
876
876
876
876
876
876
877
877
877
877
877
877
877
877
877
877
877
877
877
877
877
877
877
878
878
878
878
878
878
879
879
879
879
879
879
879
881
881
881
881
882
882
882
882
882
882
884
884
885
885
885
885
885
885
885
885
885
885
885
885
885
885
885
885
885
886
886
886
886
886
886
889
889
889
889
890
890
890
890
890
890
890
890
891
891
891
891
891
891
891
893
893
893
893
893
893
893
893
893
893
893
894
894
894
894
894
894
894
894
894
895
895
896
896
900
900
900
900
900
900
902
902
902
902
903
903
903
903
903
903
903
905
905
905
905
905
905
905
907
907
907
907
907
907
907
907
907
907
907
907
907
907
907
908
908
908
908
908
908
908
908
908
909
909
909
909
909
909
909
909
909
910
910
910
910
910
910
910
912
912
912
913
913
915
915
915
915
915
915
915
915
915
915
915
915
915
915
915
916
916
917
917
917
918
918
918
918
918
918
919
919
919
919
919
919
919
919
919
920
920
920
920
920
920
920
920
920
921
921
921
921
921
922
922
922
922
922
922
922
922
922
922
922
922
922
922
922
922
922
923
923
923
923
923
924
924
925
925
925
925
925
925
925
925
925
925
925
925
925
925
926
926
926
926
926
926
926
926
926
926
926
926
926
926
929
929
929
929
929
929
930
930
930
930
930
930
931
931
932
932
932
932
932
932
933
933
933
934
934
934
934
934
934
934
934
934
934
934
934
934
935
935
936
936
936
937
937
938
938
938
938
938
938
938
938
938
938
938
938
938
938
938
938
939
939
939
939
939
939
939
940
940
940
940
940
940
941
941
941
942
942
942
942
943
943
943
943
943
943
943
943
943
943
943
944
944
944
944
944
944
944
944
944
944
944
944
944
944
944
944
944
946
946
946
946
946
949
949
950
950
950
950
950
950
950
950
950
950
950
950
950
950
951
951
951
951
951
951
953
953
953
953
953
953
953
953
953
953
953
953
953
953
954
954
954
954
954
954
954
954
954
954
954
954
954
954
955
955
955
955
957
957
957
957
957
957
957
957
957
957
957
957
957
957
957
957
957
958
958
959
959
959
959
959
959
959
959
959
959
959
959
960
960
960
960
960
961
961
961
961
961
961
961
961
961
961
961
961
961
961
962
962
962
962
962
963
963
964
964
964
964
964
964
964
965
965
965
965
965
965
965
965
965
965
965
965
965
965
966
966
966
966
966
967
967
967
967
967
967
967
967
967
967
967
967
967
967
967
967
967
967
967
967
967
969
969
969
969
969
969
969
969
969
969
969
969
969
969
970
970
970
970
970
970
970
970
970
970
970
970
970
971
971
971
971
971
971
971
971
971
971
971
971
971
971
971
971
971
972
972
974
974
974
975
975
975
976
976
976
976
976
976
976
978
978
978
978
980
980
980
981
981
981
981
981
981
981
981
981
981
981
981
982
982
982
982
983
983
984
984
984
984
984
985
985
985
985
985
985
985
986
986
987
987
987
987
988
988
988
988
988
989
989
989
989
989
989
992
992
992
992
993
993
997
997
997
997
997
997
997
997
997
997
997
997
997
997
997
997
997
997
999
999
1001
1001
1001
1002
1002
1002
1002
1003
1003
1003
1003
1003
1003
1003
1003
1003
1003
1003
1003
1003
1003
1004
1004
1004
1004
1004
1004
1004
1004
1004
1004
1005
1005
1005
1005
1005
1005
1005
1006
1006
1006
1007
1007
1007
1007
1007
1007
1007
1007
1007
1007
1007
1008
1008
1008
1008
1009
1009
1009
1009
1009
1009
1009
1009
1011
1011
1011
1011
1011
1011
1011
1011
1011
1011
1011
1011
1011
1011
1011
1012
1012
1012
1012
1012
1012
1013
1013
1015
1015
1016
1016
1016
1016
1017
1017
1017
1017
1017
1017
1017
1017
1017
1017
1017
1017
1018
1018
1019
1019
1019
1019
1019
1019
1019
1019
1019
1019
1019
1020
1020
1020
1020
1020
1021
1021
1021
1021
1021
1021
1021
1021
1022
1022
1022
1022
1022
1022
1022
1022
1022
1022
1022
1022
1022
1022
1022
1022
1023
1023
1024
1024
1025
1025
1025
1025
1025
1025
1026
1026
1026
1026
1026
1026
1027
1027
1027
1027
1027
1027
1027
1027
1028
1028
1028
1028
1028
1028
1028
1028
1028
1028
1029
1029
1029
1029
1029
1029
1030
1030
1031
1031
1031
1031
1031
1032
1032
1032
1032
1032
1033
1033
1035
1035
1035
1035
1035
1035
1035
1037
1037
1037
1037
1037
1037
1037
1037
1037
1037
1037
1037
1037
1037
1037
1037
1037
1037
1038
1038
1038
1039
1039
1039
1039
1039
1039
1039
1040
1040
1040
1041
1041
1041
1041
1041
1041
1043
1043
1043
1043
1044
1044
1045
1045
1045
1045
1045
1045
1045
1045
1045
1045
1045
1045
1045
1045
1045
1045
1045
1046
1046
1046
1046
1046
1047
1047
1047
1047
1047
1047
1047
1048
1048
1048
1048
1048
1048
1048
1048
1048
1048
1050
1050
1052
1052
1052
1052
1052
1053
1053
1053
1053
1053
1054
1054
1054
1056
1056
1056
1056
1056
1056
1057
1057
1058
1058
1058
1058
1058
1059
1059
1059
1059
1059
1059
1059
1059
1059
1059
1059
1059
1059
1059
1060
1060
1060
1060
1061
1061
1061
1061
1061
1061
1061
1061
1062
1062
1062
1062
1062
1062
1062
1063
1063
1063
1063
1064
1064
1064
1064
1064
1065
1065
1065
1065
1065
1065
1065
1065
1065
1065
1067
1067
1067
1067
1067
1067
1067
1067
1067
1067
1067
1067
1067
1067
1067
1067
1067
1067
1069
1069
1069
1069
1070
1070
1071
1071
1071
1071
1071
1071
1072
1072
1072
1073
1073
1073
1073
1073
1073
1073
1073
1073
1073
1073
1073
1075
1075
1077
1077
1077
1077
1078
1078
1078
1078
1078
1078
1078
1078
1078
1078
1078
1078
1079
1079
1079
1079
1079
1079
1080
1080
1080
1080
1080
1080
1080
1080
1080
1081
1081
1081
1081
1081
1081
1082
1082
1082
1082
1082
1082
1083
1083
1083
1084
1084
1085
1085
1085
1085
1085
1086
1086
1086
1086
1087
1087
1087
1087
1087
1088
1088
1088
1088
1088
1089
1089
1089
1089
1089
1089
1090
1090
1090
1090
1091
1091
1091
1091
1091
1091
1092
1092
1093
1093
1094
1094
1094
1094
1094
1094
1094
1094
1094
1094
1094
1095
1095
1095
1095
1095
1095
1096
1096
1096
1096
1096
1097
1097
1097
1097
1097
1099
1099
1099
1101
1101
1101
1101
1101
1101
1101
1102
1102
1102
1102
1102
1102
1102
1104
1104
1105
1105
1105
1106
1106
1108
1108
1108
1108
1108
1109
1109
1110
1110
1110
1110
1110
1110
1110
1110
1111
1111
1111
1111
1111
1111
1112
1112
1113
1113
1113
1113
1113
1114
1114
1114
1114
1114
1115
1115
1115
1115
1115
1115
1115
1116
1116
1116
1116
1117
1117
1117
1117
1117
1117
1117
1117
1119
1119
1119
1119
1119
1120
1120
1120
1120
1120
1120
1120
1120
1120
1121
1121
1121
1121
1121
1121
1121
1121
1122
1122
1122
1122
1122
1122
1122
1122
1123
1123
1124
1124
1124
1124
1124
1125
1125
1126
1126
1126
1128
1128
1128
1128
1128
1129
1129
1130
1130
1130
1130
1130
1131
1131
1131
1131
1131
1131
1131
1131
1131
1131
1131
1131
1131
1131
1132
1132
1132
1132
1132
1133
1133
1133
1133
1134
1134
1137
1137
1137
1137
1137
1137
1137
1137
1137
1137
1137
1137
1137
1137
1137
1137
1140
1140
1140
1140
1140
1140
1140
1141
1141
1141
1141
1141
1141
1141
1142
1142
1142
1142
1144
1144
1144
1144
1144
1144
1146
1146
1146
1146
1148
1148
1148
1148
1148
1148
1148
1148
1148
1148
1148
1148
1148
1148
1148
1148
1148
1148
1148
1149
1149
1149
1149
1149
1149
1149
1149
1149
1150
1150
1150
1150
1150
1150
1150
1150
1151
1151
1151
1151
1151
1151
1151
1151
1151
1151
1151
1151
1151
1152
1152
1152
1152
1152
1152
1152
1152
1152
1153
1153
1153
1153
1154
1154
1154
1154
1154
1154
1154
1154
1154
1154
1154
1154
1154
1154
1156
1156
1157
1157
1157
1157
1157
1157
1157
1157
1157
1157
1157
1159
1159
1159
1162
1162
1162
1162
1162
1162
1162
1162
1162
1162
1162
1162
1162
1163
1163
1163
1163
1163
1163
1163
1163
1163
1164
1164
1164
1165
1165
1165
1165
1165
1165
1165
1165
1165
1165
1165
1165
1165
1166
1166
1166
1166
1167
1167
1167
1167
1167
1167
1167
1167
1167
1167
1167
1167
1167
1168
1168
1168
1169
1169
1170
1170
1170
1170
1170
1170
1170
1170
1170
1170
1170
1171
1171
1171
1171
1171
1171
1171
1171
1171
1171
1171
1171
1171
1171
1171
1173
1173
1173
1173
1173
1173
1173
1173
1173
1173
1173
1173
1173
1174
1174
1176
1176
1176
1176
1176
1176
1176
1176
1178
1178
1178
1178
1178
1178
1178
1178
1178
1178
1178
1178
1179
1179
1180
1180
1180
1180
1180
1180
1180
1180
1180
1180
1180
1180
1180
1180
1181
1181
1181
1181
1181
1181
1181
1181
1182
1182
1183
1183
1184
1184
1184
1184
1185
1185
1185
1185
1185
1185
1185
1185
1185
1185
1185
1185
1185
1185
1187
1187
1187
1187
1187
1191
1191
1191
1191
1191
1191
1191
1191
1191
1191
1191
1191
1191
1191
1191
1192
1192
1192
1192
1192
1192
1192
1193
1193
1194
1194
1194
1194
1194
1194
1194
1194
1194
1194
1194
1194
1194
1194
1194
1195
1195
1195
1195
1195
1195
1195
1195
1195
1195
1195
1195
1195
1196
1196
1196
1196
1197
1197
1197
1197
1197
1197
1197
1197
1197
1197
1197
1197
1197
1198
1198
1198
1201
1201
1201
1201
1201
1201
1201
1201
1202
1202
1203
1203
1203
1203
1203
1203
1203
1203
1203
1203
1203
1203
1203
1203
1203
1203
1204
1204
1206
1206
1206
1208
1208
1208
1208
1208
1208
1208
1208
1208
1208
1208
1208
1208
1208
1208
1208
1208
1208
1208
1208
1208
1209
1209
1209
1209
1209
1209
1210
1210
1210
1210
1210
1210
1210
1212
1212
1212
1212
1212
1212
1212
1212
1212
1213
1213
1213
1213
1213
1213
1213
1213
1213
1213
1217
1217
1217
1217
1218
1218
1218
1218
1218
1218
1221
1221
1221
1221
1221
1221
1221
1221
1221
1221
1221
1221
1221
1222
1222
1222
1222
1222
1224
1224
1224
1224
1224
1224
1224
1224
1224
1224
1224
1224
1224
1224
1225
1225
1225
1225
1226
1226
1226
1227
1227
1227
1227
1227
1227
1227
1228
1228
1228
1228
1228
1228
1228
1228
1228
1230
1230
1230
1230
1232
1232
1233
1233
1235
1235
1235
1235
1235
1235
1235
1235
1235
1235
1235
1235
1235
1236
1236
1238
1238
1238
1238
1238
1238
1238
1239
1239
1239
1239
1239
1239
1239
1239
1239
1239
1239
1239
1239
1239
1239
1241
1241
1241
1241
1241
1241
1242
1242
1242
1242
1242
1244
1244
1244
1244
1244
1244
1244
1246
1246
1247
1247
1247
1247
1247
1247
1247
1247
1247
1247
1247
1247
1247
1247
1249
1249
1249
1249
1249
1250
1250
1250
1250
1250
1250
1250
1250
1250
1250
1250
1251
1251
1252
1252
1252
1253
1253
1253
1253
1253
1253
1253
1253
1253
1253
1253
1253
1253
1253
1253
1254
1254
1254
1254
1255
1255
1255
1255
1255
1255
1255
1255
1255
1256
1256
1257
1257
1257
1257
1257
1257
1257
1257
1257
1257
1257
1257
1257
1259
1259
1259
1259
1259
1259
1259
1259
1259
1261
1261
1261
1261
1261
1261
1261
1261
1262
1262
1262
1262
1262
1262
1263
1263
1266
1266
1266
1266
1266
1266
1267
1267
1267
1267
1267
1267
1267
1267
1267
1267
1267
1267
1268
1268
1268
1268
1268
1269
1269
1269
1269
1269
1269
1269
1269
1269
1270
1270
1270
1270
1270
1270
1271
1271
1271
1271
1271
1271
1271
1272
1272
1272
1272
1272
1272
1272
1272
1272
1272
1272
1272
1272
1272
1273
1273
1273
1274
1274
1275
1275
1275
1275
1275
1275
1276
1276
1276
1276
1276
1276
1277
1277
1277
1277
1277
1277
1277
1278
1278
1278
1278
1278
1278
1278
1278
1278
1278
1278
1278
1278
1278
1279
1279
1279
1279
1279
1279
1280
1280
1281
1281
1281
1281
1281
1281
1281
1281
1281
1282
1282
1282
1282
1283
1283
1283
1283
1283
1283
1285
1285
1285
1285
1285
1285
1285
1287
1287
1287
1287
1287
1287
1287
1287
1287
1287
1287
1288
1288
1289
1289
1289
1289
1289
1289
1289
1289
1290
1290
1291
1291
1291
1291
1291
1291
1291
1291
1291
1291
1291
1292
1292
1292
1292
1292
1292
1292
1292
1292
1292
1292
1292
1292
1293
1293
1293
1295
1295
1295
1295
1295
1295
1295
1295
1295
1295
1295
1295
1295
1295
1295
1295
1296
1296
1296
1296
1296
1297
1297
1297
1297
1297
1297
1297
1298
1298
1298
1298
1298
1298
1298
1298
1298
1298
1298
1298
1298
1300
1300
1302
1302
1303
1303
1304
1304
1304
1306
1306
1306
1306
1306
1307
1307
1309
1309
1309
1309
1309
1309
1309
1309
1309
1309
1309
1309
1309
1309
1310
1310
1310
1310
1311
1311
1311
1311
1311
1311
1311
1312
1312
1312
1312
1312
1312
1313
1313
1314
1314
1314
1314
1315
1315
1315
1315
1317
1317
1317
1317
1317
1317
1317
1317
1317
1317
1317
1317
1317
1317
1317
1317
1318
1318
1319
1319
1319
1319
1319
1319
1320
1320
1321
1321
1321
1321
1321
1321
1321
1321
1321
1321
1321
1321
1321
1322
1322
1322
1322
1323
1323
1323
1323
1323
1323
1323
1323
1323
1323
1323
1323
1325
1325
1326
1326
1327
1327
1327
1327
1328
1328
1328
1328
1328
1328
1328
1328
1328
1328
1328
1328
1328
1329
1329
1329
1329
1329
1329
1330
1330
1330
1330
1330
1330
1330
1330
1330
1330
1330
1330
1330
1330
1331
1331
1331
1331
1331
1331
1332
1332
1332
1332
1332
1332
1332
1333
1333
1333
1333
1334
1334
1335
1335
1337
1337
1337
1337
1337
1338
1338
1338
1338
1338
1339
1339
1339
1339
1339
1339
1339
1340
1340
1340
1341
1341
1342
1342
1343
1343
1344
1344
1344
1344
1344
1344
1344
1344
1344
1344
1344
1345
1345
1345
1345
1345
1346
1346
1346
1346
1346
1346
1346
1347
1347
1347
1347
1347
1349
1349
1349
1351
1351
1351
1351
1351
1351
1351
1351
1352
1352
1352
1352
1352
1352
1353
1353
1355
1355
1357
1357
1357
1357
1358
1358
1358
1358
1358
1358
1359
1359
1360
1360
1360
1360
1360
1360
1360
1360
1361
1361
1361
1361
1361
1361
1362
1362
1362
1362
1362
1363
1363
1363
1363
1363
1364
1364
1364
1364
1364
1365
1365
1365
1366
1366
1366
1366
1367
1367
1367
1367
1367
1367
1367
1367
1367
1369
1369
1369
1369
1369
1370
1370
1370
1370
1370
1370
1370
1370
1370
1370
1370
1370
1371
1371
1371
1371
1371
1371
1372
1372
1372
1372
1372
1372
1372
1372
1373
1373
1374
1374
1374
1374
1374
1374
1375
1375
1376
1376
1376
1376
1376
1376
1376
1376
1376
1378
1378
1378
1378
1378
1380
1380
1381
1381
1381
1381
1381
1381
1381
1381
1381
1381
1381
1381
1381
1381
1381
1382
1382
1382
1382
1382
1382
1383
1383
1383
1383
1387
1387
1387
1387
1387
1387
1387
1387
1387
1387
1387
1387
1387
1387
1387
1387
1387
1390
1390
1390
1390
1390
1390
1390
1390
1390
1390
1390
1390
1391
1391
1391
1391
1391
1392
1392
1394
1394
1394
1394
1394
1394
1394
1395
1395
1395
1395
1395
1396
1396
1396
1398
1398
1398
1398
1398
1398
1398
1398
1398
1398
1398
1398
1398
1398
1398
1398
1398
1399
1399
1399
1399
1399
1399
1399
1399
1399
1400
1400
1400
1400
1400
1400
1400
1401
1401
1401
1401
1401
1401
1401
1401
1401
1401
1401
1401
1402
1402
1402
1402
1402
1402
1402
1402
1404
1404
1404
1404
1404
1406
1406
1406
1407
1407
1407
1407
1407
1407
1407
1407
1407
1407
1407
1407
1407
1409
1409
1409
1411
1411
1412
1412
1412
1412
1412
1412
1412
1412
1412
1412
1412
1412
1412
1412
1414
1414
1414
1414
1415
1415
1415
1415
1415
1415
1415
1415
1415
1416
1416
1416
1416
1416
1416
1417
1417
1417
1417
1417
1417
1417
1417
1417
1417
1417
1417
1417
1417
1418
1418
1418
1418
1418
1418
1419
1419
1420
1420
1420
1420
1420
1420
1420
1421
1421
1421
1421
1421
1421
1421
1421
1421
1421
1421
1421
1421
1421
1423
1423
1423
1423
1423
1423
1423
1423
1423
1423
1424
1424
1426
1426
1426
1426
1426
1426
1426
1426
1428
1428
1428
1428
1428
1428
1428
1428
1428
1428
1428
1429
1429
1429
1430
1430
1430
1430
1430
1430
1430
1430
1430
1430
1430
1430
1430
1431
1431
1431
1431
1431
1431
1431
1431
1431
1432
1432
1433
1433
1434
1434
1434
1434
1434
1435
1435
1435
1435
1435
1435
1435
1435
1435
1435
1435
1435
1435
1435
1435
1437
1437
1437
1437
1437
1437
1439
1439
1439
1439
1439
1439
1439
1441
1441
1441
1441
1441
1441
1441
1441
1441
1441
1441
1441
1441
1441
1441
1442
1442
1442
1442
1442
1442
1444
1444
1444
1444
1444
1444
1444
1444
1444
1444
1444
1444
1444
1444
1444
1444
1445
1445
1445
1445
1445
1445
1445
1445
1445
1445
1445
1445
1446
1446
1446
1447
1447
1447
1447
1447
1447
1447
1447
1447
1447
1448
1448
1451
1451
1451
1451
1451
1451
1451
1451
1453
1453
1453
1453
1453
1453
1453
1453
1453
1453
1453
1453
1453
1453
1453
1453
1454
1454
1454
1454
1456
1456
1456
1456
1458
1458
1458
1458
1458
1458
1458
1458
1458
1458
1458
1458
1458
1458
1458
1458
1458
1459
1459
1459
1459
1459
1459
1459
1460
1460
1460
1460
1460
1460
1460
1461
1461
1462
1462
1462
1462
1462
1462
1462
1462
1462
1463
1463
1463
1463
1463
1463
1463
1463
1463
1463
1463
1463
1467
1467
1467
1467
1467
1468
1468
1468
1468
1468
1468
1468
1469
1469
1471
1471
1471
1471
1471
1471
1471
1471
1471
1471
1471
1471
1471
1471
1471
1472
1472
1474
1474
1474
1474
1474
1474
1474
1474
1474
1474
1474
1474
1474
1474
1474
1474
1474
1476
1476
1476
1477
1477
1477
1477
1477
1477
1477
1477
1477
1478
1478
1478
1478
1478
1478
1478
1478
1478
1480
1480
1480
1480
1480
1480
1480
1480
1482
1482
1483
1483
1485
1485
1485
1485
1485
1485
1485
1485
1485
1485
1485
1485
1485
1485
1485
1485
1486
1486
1487
1487
1488
1488
1488
1488
1488
1488
1488
1489
1489
1489
1489
1489
1489
1489
1489
1489
1489
1489
1489
1489
1489
1489
1491
1491
1491
1491
1491
1491
1491
1492
1492
1492
1492
1494
1494
1494
1497
1497
1497
1497
1497
1497
1497
1497
1497
1497
1497
1497
1497
1497
1497
1498
1498
1500
1500
1500
1500
1500
1500
1500
1500
1500
1500
1500
1500
1500
1500
1500
1501
1501
1502
1502
1502
1502
1502
1502
1503
1503
1503
1503
1503
1503
1505
1505
1506
1506
1506
1506
1507
1507
1507
1507
1507
1507
1507
1507
1507
1508
1508
1508
1508
1508
1508
1508
1508
1508
1509
1509
1510
1510
1510
1511
1511
1511
1511
1511
1511
1512
1512
1512
1512
1512
1512
1512
1512
1512
1512
1515
1515
1515
1515
1515
1516
1516
1516
1516
1517
1517
1518
1518
1518
1519
1519
1520
1520
1520
1522
1522
1522
1522
1522
1522
1524
1524
1524
1524
1525
1525
1525
1525
1525
1525
1525
1525
1525
1525
1525
1525
1526
1526
1526
1526
1526
1526
1526
1526
1526
1526
1526
1526
1526
1526
1527
1527
1527
1527
1527
1527
1527
1528
1528
1528
1528
1528
1528
1528
1528
1528
1528
1528
1529
1529
1529
1529
1529
1530
1530
1531
1531
1531
1531
1531
1531
1531
1531
1531
1531
1531
1531
1531
1532
1532
1532
1532
1533
1533
1534
1534
1534
1534
1534
1534
1535
1535
1535
1535
1535
1536
1536
1536
1536
1536
1536
1536
1536
1536
1536
1536
1537
1537
1537
1537
1537
1537
1537
1537
1537
1537
1538
1538
1539
1539
1539
1539
1539
1539
1539
1539
1540
1540
1540
1540
1540
1540
1540
1540
1540
1540
1540
1541
1541
1541
1541
1542
1542
1543
1543
1543
1543
1544
1544
1545
1545
1547
1547
1547
1547
1547
1547
1547
1547
1547
1547
1547
1548
1548
1548
1548
1549
1549
1549
1549
1549
1549
1549
1549
1549
1549
1549
1550
1550
1550
1550
1550
1552
1552
1552
1552
1552
1552
1552
1552
1552
1552
1552
1552
1553
1553
1553
1553
1554
1554
1554
1554
1554
1554
1554
1554
1554
1554
1554
1554
1554
1554
1555
1555
1555
1555
1556
1556
1556
1556
1556
1557
1557
1557
1557
1557
1559
1559
1560
1560
1560
1560
1560
1560
1561
1561
1561
1561
1561
1562
1562
1562
1562
1562
1562
1562
1562
1562
1564
1564
1564
1564
1564
1564
1564
1564
1564
1564
1564
1564
1564
1564
1564
1564
1564
1564
1564
1565
1565
1565
1565
1565
1565
1565
1565
1565
1565
1565
1565
1565
1566
1566
1567
1567
1568
1568
1569
1569
1569
1569
1570
1570
1573
1573
1573
1573
1574
1574
1574
1574
1574
1576
1576
1576
1576
1576
1576
1576
1576
1576
1576
1576
1576
1576
1576
1576
1576
1577
1577
1577
1577
1577
1577
1577
1577
1577
1577
1577
1579
1579
1579
1579
1579
1580
1580
1580
1580
1580
1580
1580
1580
1580
1580
1580
1580
1580
1580
1582
1582
1582
1582
1582
1582
1582
1582
1582
1582
1582
1582
1582
1583
1583
1583
1583
1583
1583
1583
1583
1583
1583
1583
1583
1584
1584
1584
1585
1585
1585
1585
1586
1586
1588
1588
1589
1589
1589
1589
1589
1589
1589
1589
1589
1589
1589
1589
1589
1589
1589
1590
1590
1590
1590
1590
1590
1590
1590
1593
1593
1593
1593
1594
1594
1594
1594
1594
1594
1594
1594
1594
1594
1594
1594
1594
1595
1595
1595
1595
1595
1595
1595
1595
1597
1597
1597
1598
1598
1598
1598
1598
1598
1598
1598
1598
1598
1598
1598
1600
1600
1600
1600
1600
1600
1600
1600
1600
1600
1602
1602
1602
1602
1602
1602
1602
1602
1602
1602
1602
1602
1602
1602
1602
1602
1603
1603
1603
1603
1603
1603
1603
1603
1603
1603
1603
1603
1603
1604
1604
1604
1604
1604
1604
1604
1604
1605
1605
1605
1605
1605
1605
1605
1606
1606
1606
1606
1606
1606
1606
1606
1606
1609
1609
1609
1609
1609
1609
1609
1609
1609
1609
1609
1609
1609
1609
1609
1609
1612
1612
1613
1613
1613
1613
1613
1613
1613
1613
1613
1615
1615
1615
1615
1615
1615
1615
1615
1615
1618
1618
1619
1619
1620
1620
1622
1622
1622
1622
1622
1622
1622
1622
1622
1622
1622
1622
1622
1622
1622
1622
1622
1622
1622
1623
1623
1623
1625
1625
1625
1625
1625
1625
1625
1625
1625
1625
1625
1625
1625
1625
1625
1625
1626
1626
1626
1626
1626
1626
1626
1626
1626
1626
1626
1626
1626
1626
1626
1626
1628
1628
1628
1628
1628
1628
1628
1630
1630
1630
1630
1630
1630
1630
1630
1630
1630
1630
1630
1630
1630
1631
1631
1631
1631
1631
1631
1631
1632
1632
1633
1633
1633
1633
1633
1633
1633
1633
1633
1634
1634
1634
1634
1634
1634
1634
1634
1634
1634
1634
1634
1634
1634
1634
1634
1634
1637
1637
1637
1637
1637
1637
1637
1637
1639
1639
1639
1639
1639
1640
1640
1640
1640
1640
1640
1641
1641
1641
1641
1641
1641
1641
1641
1641
1641
1641
1641
1641
1641
1641
1642
1642
1642
1642
1642
1642
1642
1642
1642
1642
1642
1642
1642
1642
1642
1642
1642
1642
1642
1642
1642
1645
1645
1645
1645
1645
1645
1645
1646
1646
1646
1646
1646
1646
1646
1646
1646
1646
1646
1646
1646
1646
1646
1646
1646
1646
1646
1648
1648
1648
1648
1648
1648
1648
1648
1648
1648
1648
1648
1649
1649
1650
1650
1650
1650
1650
1650
1650
1650
1650
1650
1650
1650
1650
1650
1650
1650
1651
1651
1651
1651
1651
1651
1651
1651
1651
1652
1652
1652
1654
1654
1654
1654
1654
1654
1654
1654
1654
1654
1654
1655
1655
1656
1656
1656
1656
1656
1656
1656
1656
1656
1656
1656
1656
1656
1656
1657
1657
1657
1657
1658
1658
1659
1659
1659
1659
1659
1659
1660
1660
1660
1660
1660
1661
1661
1662
1662
1662
1662
1662
1662
1662
1662
1662
1662
1662
1662
1662
1663
1663
1663
1663
1663
1663
1663
1664
1664
1664
1664
1664
1664
1664
1664
1664
1664
1664
1664
1664
1664
1665
1665
1665
1665
1665
1665
1665
1665
1665
1665
1665
1665
1665
1665
1665
1665
1667
1667
1667
1667
1667
1667
1667
1667
1667
1667
1667
1667
1667
1667
1667
1667
1667
1667
1667
1669
1669
1669
1669
1669
1669
1669
1669
1669
1669
1669
1669
1669
1669
1669
1669
1672
1672
1672
1672
1672
1672
1672
1672
1672
1672
1672
1672
1672
1672
1674
1674
1674
1674
1674
1674
1676
1676
1676
1676
1676
1676
1676
1676
1676
1676
1677
1677
1677
1677
1678
1678
1679
1679
1679
1679
1679
1679
1679
1679
1679
1679
1679
1679
1679
1679
1680
1680
1680
1680
1682
1682
1684
1684
1685
1685
1685
1685
1685
1685
1685
1685
1685
1686
1686
1687
1687
1687
1687
1687
1687
1687
1687
1687
1687
1690
1690
1690
1690
1691
1691
1692
1692
1692
1692
1692
1692
1693
1693
1693
1693
1693
1693
1693
1693
1693
1693
1693
1697
1697
1699
1699
1699
1699
1700
1700
1700
1700
1700
1700
1700
1700
1700
1700
1701
1701
1701
1701
1701
1701
1701
1701
1701
1701
1703
1703
1704
1704
1704
1704
1704
1705
1705
1705
1705
1705
1707
1707
1707
1707
1707
1707
1707
1707
1707
1707
1709
1709
1709
1709
1709
1709
1713
1713
1713
1713
1713
1713
1713
1713
1713
1713
1713
1714
1714
1714
1714
1714
1714
1714
1714
1714
1714
1714
1714
1715
1715
1715
1715
1715
1717
1717
1717
1717
1717
1718
1718
1718
1718
1718
1718
1719
1719
1720
1720
1720
1720
1720
1721
1721
1722
1722
1722
1723
1723
1723
1723
1723
1723
1723
1723
1723
1723
1723
1723
1723
1723
1724
1724
1724
1724
1724
1725
1725
1726
1726
1726
1726
1726
1726
1726
1726
1726
1726
1726
1726
1727
1727
1728
1728
1728
1728
1728
1728
1728
1728
1730
1730
1730
1730
1730
1730
1730
1730
1732
1732
1732
1732
1732
1732
1732
1732
1732
1732
1732
1733
1733
1733
1733
1733
1733
1733
1733
1734
1734
1735
1735
1735
1735
1735
1735
1736
1736
1736
1736
1737
1737
1737
1737
1737
1737
1737
1737
1737
1737
1737
1737
1738
1738
1738
1738
1738
1738
1740
1740
1740
1740
1740
1740
1740
1740
1740
1740
1740
1740
1741
1741
1742
1742
1742
1742
1742
1742
1742
1742
1745
1745
1745
1745
1745
1745
1745
1745
1745
1745
1745
1745
1745
1745
1745
1745
1746
1746
1746
1746
1746
1746
1746
1746
1746
1746
1746
1746
1746
1746
1746
1746
1746
1746
1747
1747
1749
1749
1749
1749
1749
1749
1749
1749
1749
1749
1749
1749
1749
1749
1750
1750
1750
1752
1752
1752
1752
1752
1753
1753
1753
1753
1753
1753
1754
1754
1754
1754
1754
1754
1755
1755
1756
1756
1756
1756
1756
1756
1757
1757
1757
1757
1757
1757
1757
1757
1757
1758
1758
1758
1758
1758
1758
1758
1758
1758
1758
1760
1760
1760
1760
1761
1761
1761
1761
1761
1761
1762
1762
1762
1762
1762
1762
1762
1762
1765
1765
1765
1765
1765
1767
1767
1768
1768
1769
1769
1770
1770
1772
1772
1772
1772
1772
1772
1774
1774
1775
1775
1775
1775
1775
1775
1775
1775
1775
1775
1775
1775
1775
1775
1776
1776
1776
1776
1776
1776
1776
1776
1776
1776
1776
1776
1776
1776
1777
1777
1777
1777
1777
1777
1777
1777
1778
1778
1778
1778
1778
1778
1778
1780
1780
1780
1780
1780
1780
1781
1781
1781
1781
1781
1781
1781
1781
1781
1781
1781
1781
1781
1782
1782
1782
1782
1783
1783
1783
1783
1784
1784
1784
1784
1784
1784
1785
1785
1785
1785
1785
1786
1786
1786
1786
1786
1786
1786
1786
1786
1787
1787
1787
1787
1787
1787
1787
1787
1787
1787
1787
1788
1788
1789
1789
1789
1789
1789
1789
1789
1789
1790
1790
1790
1790
1790
1790
1790
1790
1790
1790
1790
1791
1791
1791
1791
1792
1792
1792
1793
1793
1793
1794
1794
1796
1796
1797
1797
1797
1797
1797
1797
1797
1797
1797
1797
1797
1797
1797
1797
1798
1798
1799
1799
1799
1799
1799
1799
1799
1799
1799
1799
1800
1800
1800
1800
1800
1800
1801
1801
1803
1803
1803
1804
1804
1804
1804
1804
1804
1804
1804
1804
1804
1804
1804
1804
1804
1804
1805
1805
1805
1805
1806
1806
1806
1806
1806
1806
1807
1807
1807
1807
1807
1807
1807
1809
1809
1810
1810
1810
1810
1810
1810
1810
1810
1810
1810
1810
1810
1810
1811
1811
1811
1811
1811
1812
1812
1812
1812
1812
1814
1814
1814
1814
1814
1814
1814
1814
1814
1814
1814
1814
1814
1814
1814
1814
1814
1815
1815
1815
1815
1815
1815
1815
1815
1815
1815
1816
1816
1816
1817
1817
1819
1819
1819
1819
1822
1822
1823
1823
1823
1824
1824
1824
1824
1824
1826
1826
1826
1826
1826
1826
1826
1826
1826
1826
1826
1826
1826
1826
1826
1826
1827
1827
1827
1827
1827
1827
1827
1827
1827
1827
1828
1828
1829
1829
1829
1829
1829
1830
1830
1830
1830
1830
1830
1830
1830
1830
1830
1830
1830
1830
1830
1831
1831
1832
1832
1832
1832
1832
1832
1832
1832
1832
1832
1833
1833
1833
1833
1833
1833
1833
1833
1834
1834
1835
1835
1836
1836
1838
1838
1839
1839
1839
1839
1839
1839
1839
1839
1839
1839
1839
1839
1839
1839
1839
1839
1839
1839
1840
1840
1840
1840
1840
1840
1840
1840
1842
1842
1842
1842
1843
1843
1843
1843
1843
1844
1844
1844
1844
1844
1844
1844
1844
1844
1844
1844
1844
1845
1845
1845
1845
1845
1847
1847
1847
1848
1848
1848
1848
1848
1848
1848
1848
1848
1848
1850
1850
1850
1850
1850
1850
1850
1850
1852
1852
1852
1852
1852
1852
1852
1852
1852
1852
1852
1852
1852
1852
1853
1853
1853
1853
1853
1853
1853
1853
1853
1853
1853
1854
1854
1854
1854
1854
1854
1854
1859
1859
1859
1859
1859
1859
1859
1859
1859
1859
1859
1859
1859
1859
1859
1859
1859
1859
1859
1859
1861
1861
1862
1862
1863
1863
1863
1863
1863
1863
1863
1863
1863
1863
1863
1864
1864
1865
1865
1865
1865
1865
1865
1865
1865
1866
1866
1868
1868
1869
1869
1870
1870
1870
1872
1872
1872
1872
1872
1872
1872
1872
1872
1872
1872
1872
1872
1872
1872
1873
1873
1875
1875
1875
1875
1875
1875
1875
1875
1876
1876
1876
1876
1876
1876
1876
1876
1876
1876
1876
1876
1876
1876
1878
1878
1878
1878
1878
1878
1878
1879
1879
1880
1880
1880
1880
1880
1880
1880
1880
1880
1880
1880
1880
1880
1880
1880
1881
1881
1881
1881
1881
1881
1881
1882
1882
1883
1883
1883
1883
1883
1883
1883
1883
1883
1883
1883
1884
1884
1884
1884
1884
1884
1884
1884
1884
1884
1884
1884
1884
1884
1884
1885
1885
1885
1887
1887
1887
1887
1887
1887
1887
1887
1889
1889
1889
1889
1889
1890
1890
1890
1890
1890
1890
1890
1891
1891
1891
1891
1891
1891
1891
1891
1891
1891
1891
1891
1891
1891
1891
1891
1892
1892
1892
1892
1892
1892
1892
1892
1892
1892
1892
1892
1892
1892
1892
1892
1892
1892
1892
1892
1892
1895
1895
1895
1895
1895
1895
1895
1896
1896
1896
1896
1896
1896
1896
1896
1896
1896
1896
1896
1896
1896
1896
1896
1896
1896
1896
1897
1897
1898
1898
1898
1898
1898
1898
1898
1898
1898
1898
1898
1898
1898
1899
1899
1899
1899
1899
1899
1900
1900
1900
1900
1900
1900
1900
1900
1900
1900
1900
1900
1900
1900
1900
1900
1900
1901
1901
1901
1901
1902
1902
1902
1904
1904
1904
1904
1904
1904
1904
1904
1904
1904
1904
1905
1905
1905
1906
1906
1906
1906
1906
1906
1906
1906
1906
1906
1906
1906
1906
1906
1907
1907
1909
1909
1909
1909
1909
1910
1910
1910
1910
1910
1910
1910
1910
1910
1912
1912
1912
1912
1912
1912
1912
1912
1912
1912
1912
1912
1913
1913
1913
1913
1913
1913
1914
1914
1914
1914
1914
1914
1914
1914
1914
1914
1914
1914
1914
1915
1915
1915
1915
1915
1915
1915
1915
1915
1915
1917
1917
1917
1917
1917
1917
1917
1917
1917
1917
1917
1917
1917
1917
1917
1917
1917
1917
1917
1919
1919
1919
1919
1919
1919
1919
1919
1919
1919
1919
1919
1921
1921
1922
1922
1922
1922
1922
1922
1922
1922
1922
1922
1922
1922
1922
1924
1924
1924
1924
1924
1924
1924
1926
1926
1926
1926
1926
1926
1926
1926
1926
1926
1926
1926
1929
1929
1929
1929
1929
1929
1929
1929
1929
1929
1929
1929
1929
1930
1930
1930
1931
1931
1931
1931
1931
1931
1931
1931
1932
1932
1932
1932
1934
1934
1934
1934
1934
1935
1935
1935
1935
1935
1935
1935
1935
1935
1936
1936
1937
1937
1937
1937
1937
1937
1937
1937
1937
1940
1940
1940
1940
1941
1941
1942
1942
1942
1942
1942
1942
1943
1943
1943
1943
1943
1943
1943
1943
1943
1943
1943
1943
1943
1947
1947
1948
1948
1949
1949
1949
1950
1950
1950
1950
1950
1950
1950
1950
1950
1950
1951
1951
1951
1951
1951
1951
1951
1951
1951
1954
1954
1954
1954
1954
1955
1955
1955
1955
1957
1957
1957
1957
1957
1957
1957
1957
1958
1958
1959
1959
1959
1959
1959
1959
1959
1959
1963
1963
1963
1963
1963
1963
1963
1963
1964
1964
1964
1964
1964
1964
1964
1964
1964
1964
1964
1965
1965
1965
1965
1965
1965
1965
1967
1967
1967
1968
1968
1968
1968
1968
1968
1968
1968
1968
1970
1970
1970
1970
1970
1970
1970
1970
1970
1971
1971
1972
1972
1972
1973
1973
1973
1973
1973
1973
1973
1973
1974
1974
1974
1974
1974
1975
1975
1975
1975
1975
1976
1976
1976
1976
1976
1976
1976
1976
1976
1976
1976
1976
1976
1977
1977
1978
1978
1978
1978
1978
1978
1978
1978
1978
1979
1979
1979
1979
1980
1980
1980
1980
1980
1980
1980
1980
1980
1980
1980
1980
1980
1982
1982
1982
1982
1982
1982
1982
1983
1983
1983
1983
1983
1983
1983
1984
1984
1984
1984
1985
1985
1985
1985
1985
1985
1985
1986
1986
1986
1987
1987
1987
1987
1987
1987
1987
1987
1987
1987
1987
1987
1987
1988
1988
1988
1988
1988
1988
1988
1988
1990
1990
1990
1990
1990
1990
1990
1991
1991
1992
1992
1992
1992
1992
1992
1992
1992
1995
1995
1995
1995
1995
1995
1995
1995
1995
1995
1995
1995
1995
1995
1995
1995
1996
1996
1996
1996
1996
1996
1996
1996
1996
1996
1996
1996
1996
1996
1996
1996
1996
1996
1997
1997
1997
1997
1997
1998
1998
1999
1999
1999
1999
1999
1999
1999
1999
1999
1999
1999
1999
2000
2000
2014
2014
2014
2014
2018
2018
2019
2019
2019
2019
2021
2021
2021
2023
2023
2023
2023
2023
2030
2030
2034
2034
2042
2042
2044
2044
2046
2046
2049
2049
2049
2049
2049
2049
2049
2049
2049
2049
2049
2056
2056
2056
2056
2063
2063
2063
2063
2063
2063
2063
2063
2064
2064
2067
2067
2067
2067
2067
2067
2067
2067
2068
2068
2068
2068
2072
2072
2079
2079
2080
2080
2081
2081
2082
2082
2082
2082
2085
2085
2088
2088
2089
2089
2095
2095
2095
2095
2095
2095
2099
2099
2100
2100
2100
2100
2101
2101
2101
2101
2102
2102
2103
2103
2105
2105
2105
2105
2105
2105
2106
2106
2106
2106
2108
2108
2109
2109
2110
2110
2111
2111
2113
2113
2113
2113
2113
2113
2113
2114
2114
2114
2116
2116
2116
2116
2116
2116
2117
2117
2117
2117
2118
2118
2118
2118
2118
2118
2118
2119
2119
2120
2120
2121
2121
2121
2121
2121
2122
2122
2122
2122
2123
2123
2123
2123
2124
2124
2125
2125
2128
2128
2128
2128
2129
2129
2129
2129
2129
2129
2129
2129
2130
2130
2131
2131
2132
2132
2133
2133
2137
2137
2137
2137
2137
2138
2138
2138
2138
2138
2138
2138
2138
2138
2139
2139
2141
2141
2142
2142
2143
2143
2143
2143
2144
2144
2146
2146
2147
2147
2148
2148
2149
2149
2150
2150
2150
2150
2151
2151
2151
2151
2151
2151
2153
2153
2155
2155
2155
2155
2155
2155
2156
2156
2156
2158
2158
2160
2160
2162
2162
2162
2164
2164
2164
2164
2166
2166
2166
2166
2166
2166
2167
2167
2168
2168
2169
2169
2171
2171
2172
2172
2173
2173
2174
2174
2175
2175
2176
2176
2176
2176
2178
2178
2178
2178
2179
2179
2179
2179
2179
2179
2179
2179
2179
2179
2180
2180
2183
2183
2187
2187
2187
2187
2187
2188
2188
2190
2190
2191
2191
2192
2192
2193
2193
2193
2194
2194
2194
2196
2196
2197
2197
2198
2198
2199
2199
2199
2199
2199
2199
2199
2200
2200
2200
2200
2200
2200
2200
2200
2200
2200
2200
2200
2200
2201
2201
2201
2201
2201
2201
2201
2201
2201
2201
2201
2202
2202
2202
2202
2202
2202
2202
2202
2202
2202
2202
2202
2202
2202
2203
2203
2203
2203
2203
2203
2203
2203
2203
2203
2203
2203
2203
2203
2204
2204
2204
2204
2204
2204
2204
2204
2204
2204
2204
2204
2204
2204
2204
2204
2204
2205
2205
2205
2205
2205
2205
2205
2205
2205
2205
2205
2205
2205
2205
2206
2206
2206
2206
2206
2206
2206
2206
2206
2206
2206
2206
2206
2206
2207
2207
2207
2207
2207
2207
2207
2207
2207
2207
2207
2207
2207
2207
2207
2207
2208
2208
2208
2208
2208
2208
2208
2208
2208
2208
2208
2208
2208
2209
2209
2209
2209
2209
2209
2209
2209
2209
2209
2209
2209
2209
2209
2209
2210
2210
2210
2210
2210
2210
2210
2210
2210
2210
2210
2210
2210
2210
2210
2211
2211
2211
2211
2211
2211
2211
2211
2211
2211
2211
2211
2211
2211
2211
2211
2211
2212
2212
2212
2212
2212
2212
2212
2212
2212
2212
2212
2212
2212
2213
2213
2213
2213
2213
2213
2213
2213
2213
2213
2214
2214
2214
2214
2214
2214
2214
2214
2214
2214
2214
2214
2214
2214
2214
2214
2215
2215
2215
2215
2215
2215
2215
2215
2215
2215
2215
2215
2216
2216
2216
2216
2216
2216
2216
2216
2216
2216
2216
2216
2216
2216
2216
2216
2217
2217
2217
2217
2217
2217
2217
2217
2217
2217
2217
2217
2217
2217
2217
2217
2217
2217
2218
2218
2218
2218
2218
2218
2218
2219
2219
2219
2219
2219
2219
2219
2219
2219
2219
2219
2219
2219
2219
2219
2220
2220
2220
2220
2220
2220
2220
2220
2220
2220
2220
2220
2220
2220
2220
2220
2221
2221
2221
2221
2221
2221
2221
2221
2221
2221
2221
2221
2221
2221
2221
2221
2221
2222
2222
2222
2222
2222
2222
2222
2222
2222
2222
2222
2222
2222
2222
2222
2222
2222
2223
2223
2223
2223
2223
2223
2223
2223
2223
2223
2223
2223
2223
2223
2224
2224
2224
2224
2224
2224
2224
2224
2224
2224
2224
2224
2225
2225
2225
2225
2225
2225
2225
2225
2225
2225
2225
2225
2225
2226
2226
2226
2226
2226
2226
2226
2226
2226
2226
2226
2226
2227
2227
2227
2227
2227
2227
2227
2227
2227
2227
2227
2227
2227
2227
2227
2227
2228
2228
2228
2228
2228
2228
2228
2228
2228
2228
2228
2228
2228
2228
2230
2230
2230
2230
2230
2230
2230
2230
2230
2230
2230
2231
2231
2231
2231
2231
2231
2231
2231
2231
2231
2231
2231
2231
2231
2231
2231
2232
2232
2232
2232
2232
2232
2232
2232
2232
2232
2232
2232
2233
2233
2233
2233
2233
2233
2233
2233
2233
2233
2233
2233
2233
2233
2233
2233
2234
2234
2234
2234
2234
2234
2234
2234
2234
2234
2234
2234
2234
2234
2234
2235
2235
2235
2235
2235
2235
2235
2235
2235
2235
2235
2235
2235
2235
2236
2236
2236
2236
2236
2236
2236
2236
2236
2236
2236
2236
2236
2236
2236
2237
2237
2237
2237
2237
2237
2237
2237
2237
2237
2237
2238
2238
2238
2238
2238
2238
2238
2238
2238
2238
2238
2238
2239
2239
2239
2239
2239
2239
2239
2239
2239
2239
2239
2239
2239
2240
2240
2240
2240
2240
2240
2240
2240
2240
2240
2240
2241
2241
2241
2241
2241
2241
2241
2241
2241
2241
2241
2241
2241
2241
2241
2241
2241
2242
2242
2242
2242
2242
2242
2242
2242
2242
2242
2242
2242
2242
2242
2242
2242
2243
2243
2243
2243
2243
2243
2243
2243
2244
2244
2244
2244
2244
2244
2244
2244
2244
2244
2244
2245
2245
2245
2245
2245
2245
2245
2245
2245
2245
2245
2245
2246
2246
2246
2246
2246
2246
2246
2246
2246
2247
2247
2247
2247
2247
2247
2247
2247
2247
2247
2247
2247
2247
2247
2247
2248
2248
2248
2248
2248
2248
2248
2248
2248
2248
2248
2248
2248
2248
2248
2248
2248
2249
2249
2249
2249
2249
2249
2249
2249
2249
2249
2249
2249
2249
2249
2250
2250
2250
2250
2250
2250
2250
2250
2250
2250
2250
2250
2250
2250
2251
2251
2251
2251
2251
2251
2251
2251
2251
2251
2251
2251
2251
2251
2251
2252
2252
2252
2252
2252
2252
2252
2252
2252
2252
2252
2252
2252
2252
2252
2253
2253
2253
2253
2253
2253
2253
2253
2253
2253
2253
2253
2253
2253
2253
2254
2254
2254
2254
2254
2254
2254
2254
2254
2254
2254
2254
2254
2254
2254
2254
2254
2255
2255
2255
2255
2255
2255
2255
2255
2255
2255
2255
2255
2255
2255
2255
2255
2255
2256
2256
2256
2256
2256
2256
2256
2256
2256
2256
2256
2256
2257
2257
2257
2257
2257
2257
2257
2257
2257
2258
2258
2258
2258
2258
2258
2258
2258
2258
2258
2258
2258
2258
2258
2259
2259
2259
2259
2259
2259
2259
2259
2259
2259
2259
2259
2259
2259
2259
2260
2260
2260
2260
2260
2260
2260
2260
2260
2260
2261
2261
2261
2261
2261
2261
2261
2261
2261
2261
2261
2261
2261
2261
2261
2261
2261
2261
2261
2262
2262
2262
2262
2262
2262
2262
2262
2263
2263
2263
2263
2263
2263
2263
2263
2263
2263
2263
2263
2263
2263
2263
2263
2264
2264
2264
2264
2264
2264
2264
2264
2264
2264
2264
2264
2264
2264
2265
2265
2265
2265
2265
2265
2265
2266
2266
2266
2266
2266
2266
2266
2266
2266
2266
2266
2266
2266
2266
2266
2267
2267
2267
2267
2267
2267
2267
2267
2267
2267
2267
2267
2267
2268
2268
2268
2268
2268
2268
2268
2268
2268
2268
2268
2268
2268
2269
2269
2269
2269
2269
2269
2269
2269
2269
2269
2269
2269
2269
2269
2270
2270
2270
2270
2270
2270
2270
2270
2270
2270
2270
2270
2270
2271
2271
2271
2271
2271
2271
2271
2271
2271
2271
2271
2271
2271
2271
2271
2271
2271
2271
2272
2272
2272
2272
2272
2272
2272
2272
2272
2272
2272
2272
2272
2273
2273
2273
2274
2274
2274
2274
2274
2274
2274
2274
2274
2274
2274
2275
2275
2275
2275
2275
2275
2275
2275
2275
2276
2276
2276
2276
2276
2276
2276
2276
2277
2277
2277
2277
2277
2277
2277
2277
2277
2277
2277
2277
2277
2277
2277
2277
2278
2278
2278
2278
2278
2278
2278
2278
2278
2278
2278
2278
2278
2278
2278
2279
2279
2279
2279
2279
2279
2279
2279
2279
2279
2279
2279
2279
2280
2280
2280
2280
2280
2280
2280
2280
2280
2280
2280
2280
2280
2280
2280
2280
2280
2280
2280
2280
2280
2281
2281
2281
2281
2281
2281
2281
2281
2281
2281
2282
2282
2282
2282
2282
2282
2282
2282
2282
2282
2282
2282
2282
2282
2282
2283
2283
2283
2283
2283
2283
2283
2283
2283
2283
2283
2284
2284
2284
2284
2285
2285
2285
2285
2285
2285
2285
2285
2285
2285
2285
2285
2285
2285
2285
2285
2285
2286
2286
2286
2286
2286
2286
2286
2286
2286
2286
2286
2286
2286
2286
2287
2287
2287
2288
2288
2288
2288
2288
2288
2288
2289
2289
2289
2290
2290
2290
2290
2290
2290
2291
2291
2291
2291
2291
2291
2291
2292
2292
2292
2292
2292
2292
2292
2292
2292
2293
2293
2293
2293
2293
2293
2294
2294
2294
2294
2294
2294
2294
2295
2295
2295
2295
2295
2295
2295
2296
2296
2297
2297
2297
2297
2297
2297
2297
2297
2298
2298
2298
2298
2299
2299
2300
2300
2300
2302
2302
2302
2302
2302
2302
2303
2303
2303
2304
2304
2304
2304
2304
2304
2304
2304
2304
2305
2305
2305
2306
2306
2306
2306
2306
2307
2307
2307
2307
2307
2307
2307
2307
2307
2307
2307
2307
2307
2307
2308
2308
2308
2308
2308
2308
2308
2309
2309
2310
2310
2311
2311
2311
2311
2311
2312
2312
2313
2313
2315
2315
2315
2315
2315
2315
2316
2316
2316
2316
2316
2316
2317
2317
2318
2318
2318
2318
2318
2318
2319
2319
2319
2319
2319
2320
2320
2320
2321
2321
2321
2321
2321
2321
2321
2321
2321
2321
2322
2322
2322
2322
2322
2322
2322
2324
2324
2324
2324
2324
2324
2324
2324
2325
2325
2325
2325
2325
2325
2325
2325
2326
2326
2326
2327
2327
2327
2327
2327
2327
2327
2327
2327
2327
2327
2327
2327
2327
2327
2327
2327
2328
2328
2328
2328
2329
2329
2329
2329
2329
2329
2330
2330
2330
2330
2330
2330
2330
2331
2331
2331
2332
2332
2332
2333
2333
2333
2333
2333
2333
2333
2334
2334
2334
2334
2334
2334
2334
2335
2335
2335
2335
2335
2335
2335
2335
2335
2335
2337
2337
2337
2337
2338
2338
2338
2338
2338
2338
2338
2338
2338
2339
2339
2339
2340
2340
2340
2340
2340
2340
2340
2342
2342
2342
2342
2342
2342
2342
2342
2342
2343
2343
2343
2343
2343
2343
2343
2343
2343
2343
2343
2344
2344
2344
2346
2346
2346
2347
2347
2347
2347
2347
2347
2347
2347
2347
2349
2349
2349
2349
2349
2349
2349
2350
2350
2350
2351
2351
2351
2351
2351
2351
2351
2352
2352
2352
2352
2352
2352
2352
2353
2353
2353
2353
2353
2353
2353
2354
2354
2354
2354
2354
2354
2354
2354
2355
2355
2355
2355
2356
2356
2356
2356
2356
2356
2356
2358
2358
2358
2358
2359
2359
2359
2359
2359
2359
2360
2360
2360
2360
2361
2361
2361
2361
2361
2361
2362
2362
2362
2362
2363
2363
2363
2363
2363
2363
2364
2364
2365
2365
2365
2365
2365
2365
2365
2365
2365
2365
2365
2366
2366
2367
2367
2367
2367
2367
2368
2368
2369
2369
2369
2369
2369
2369
2369
2370
2370
2371
2371
2371
2371
2371
2371
2371
2372
2372
2372
2372
2372
2373
2373
2373
2373
2373
2375
2375
2376
2376
2376
2376
2376
2376
2377
2377
2377
2377
2377
2377
2377
2378
2378
2379
2379
2379
2379
2379
2380
2380
2380
2380
2380
2380
2381
2381
2381
2381
2382
2382
2382
2382
2382
2382
2382
2382
2382
2383
2383
2383
2383
2383
2383
2383
2383
2385
2385
2385
2385
2385
2385
2386
2386
2386
2386
2386
2386
2387
2387
2388
2388
2388
2388
2388
2388
2388
2388
2388
2388
2388
2388
2388
2388
2389
2389
2389
2389
2390
2390
2390
2390
2390
2390
2391
2391
2391
2391
2391
2391
2391
2391
2391
2392
2392
2392
2393
2393
2394
2394
2394
2394
2394
2395
2395
2395
2395
2395
2395
2395
2396
2396
2396
2396
2396
2396
2396
2398
2398
2398
2399
2399
2399
2399
2399
2399
2399
2399
2399
2399
2400
2400
2400
2400
2400
2401
2401
2401
2401
2401
2401
2401
2401
2401
2401
2402
2402
2402
2402
2402
2402
2402
2402
2403
2403
2403
2403
2403
2404
2404
2404
2404
2404
2404
2404
2404
2405
2405
2405
2405
2405
2406
2406
2406
2407
2407
2407
2408
2408
2408
2408
2408
2408
2408
2408
2408
2408
2409
2409
2409
2409
2409
2409
2409
2409
2409
2409
2410
2410
2410
2410
2410
2410
2410
2411
2411
2412
2412
2412
2413
2413
2413
2414
2414
2414
2414
2414
2415
2415
2415
2415
2415
2415
2415
2415
2416
2416
2416
2416
2416
2417
2417
2417
2417
2417
2418
2418
2418
2418
2418
2418
2419
2419
2420
2420
2420
2420
2421
2421
2421
2421
2421
2421
2421
2421
2421
2421
2422
2422
2422
2422
2422
2422
2422
2422
2423
2423
2423
2423
2423
2423
2423
2424
2424
2424
2424
2424
2424
2424
2425
2425
2425
2425
2425
2425
2425
2425
2427
2427
2427
2427
2427
2427
2427
2427
2428
2428
2428
2428
2428
2428
2428
2429
2429
2430
2430
2430
2430
2430
2431
2431
2431
2431
2431
2431
2432
2432
2432
2432
2432
2432
2432
2433
2433
2433
2433
2433
2434
2434
2434
2434
2434
2434
2434
2434
2434
2434
2434
2434
2434
2435
2435
2435
2435
2435
2435
2435
2435
2436
2436
2436
2437
2437
2437
2437
2437
2437
2437
2437
2438
2438
2438
2438
2439
2439
2439
2439
2439
2439
2439
2439
2439
2440
2440
2440
2440
2440
2440
2440
2441
2441
2441
2441
2441
2442
2442
2442
2442
2442
2442
2442
2442
2442
2442
2443
2443
2443
2443
2443
2444
2444
2444
2444
2444
2444
2444
2444
2445
2445
2445
2445
2445
2445
2446
2446
2446
2446
2446
2446
2447
2447
2447
2447
2447
2448
2448
2448
2449
2449
2449
2449
2450
2450
2450
2450
2450
2450
2450
2451
2451
2451
2451
2451
2452
2452
2452
2452
2452
2452
2452
2452
2452
2453
2453
2453
2453
2453
2453
2454
2454
2454
2454
2454
2454
2454
2454
2454
2455
2455
2455
2455
2455
2455
2456
2456
2456
2456
2456
2456
2456
2457
2457
2457
2457
2457
2457
2458
2458
2458
2459
2459
2459
2459
2459
2459
2459
2460
2460
2460
2460
2460
2460
2461
2461
2461
2461
2461
2461
2461
2461
2462
2462
2463
2463
2463
2463
2463
2463
2463
2464
2464
2464
2464
2464
2464
2464
2465
2465
2466
2466
2466
2466
2466
2467
2467
2467
2467
2467
2467
2467
2467
2467
2468
2468
2468
2468
2468
2468
2468
2468
2468
2469
2469
2469
2469
2469
2469
2470
2470
2470
2470
2470
2470
2470
2470
2470
2470
2471
2471
2471
2471
2471
2471
2471
2471
2471
2473
2473
2473
2473
2473
2473
2473
2473
2473
2473
2474
2474
2474
2474
2474
2474
2475
2475
2476
2476
2476
2476
2476
2476
2477
2477
2477
2477
2477
2477
2478
2478
2478
2478
2478
2479
2479
2479
2479
2480
2480
2480
2480
2480
2480
2480
2481
2481
2481
2481
2481
2481
2481
2482
2482
2483
2483
2483
2483
2483
2483
2484
2484
2484
2484
2485
2485
2485
2485
2485
2485
2485
2486
2486
2486
2486
2486
2486
2486
2487
2487
2487
2487
2487
2488
2488
2488
2489
2489
2489
2489
2489
2489
2489
2489
2489
2489
2489
2489
2490
2490
2490
2490
2490
2491
2491
2491
2491
2491
2491
2492
2492
2492
2492
2492
2492
2493
2493
2493
2493
2494
2494
2494
2494
2495
2495
2495
2495
2496
2496
2496
2496
2496
2496
2496
2496
2496
2497
2497
2497
2497
2497
2498
2498
2498
2498
2498
2498
2498
2498
2498
2499
2499
2499
2500
2500
2500
2500
2500
2500
2500
2500
2500
2501
2501
2501
2501
2501
2501
2501
2501
2501
2502
2502
2502
2502
2502
2502
2502
2502
2502
2502
2502
2502
2502
2502
2504
2504
2504
2504
2504
2504
2504
2504
2504
2504
2504
2505
2505
2505
2505
2505
2505
2505
2505
2505
2506
2506
2506
2506
2506
2506
2507
2507
2507
2507
2508
2508
2508
2508
2508
2508
2508
2509
2509
2509
2509
2509
2510
2510
2511
2511
2511
2511
2511
2512
2512
2512
2512
2512
2512
2512
2512
2512
2512
2512
2512
2512
2512
2512
2512
2512
2512
2513
2513
2513
2514
2514
2514
2514
2514
2514
2519
2519
2519
2519
2519
2519
2519
2519
2519
2519
2519
2519
2519
2520
2520
2520
2520
2520
2520
2520
2520
2520
2520
2520
2520
2521
2521
2521
2521
2522
2522
2522
2522
2522
2522
2523
2523
2523
2523
2523
2523
2523
2524
2524
2524
2524
2525
2525
2525
2525
2525
2525
2525
2525
2525
2525
2525
2525
2525
2525
2525
2526
2526
2528
2528
2529
2529
2529
2529
2530
2530
2530
2530
2531
2531
2533
2533
2533
2533
2533
2533
2533
2533
2533
2533
2533
2533
2533
2533
2533
2533
2534
2534
2534
2535
2535
2535
2535
2535
2535
2535
2535
2536
2536
2536
2536
2536
2536
2536
2536
2536
2536
2536
2536
2536
2536
2536
2536
2536
2537
2537
2537
2537
2539
2539
2540
2540
2540
2540
2543
2543
2543
2543
2543
2543
2543
2543
2543
2543
2543
2543
2543
2544
2544
2544
2544
2544
2544
2544
2544
2545
2545
2545
2545
2545
2545
2545
2545
2545
2545
2545
2545
2545
2545
2545
2545
2545
2545
2545
2545
2546
2546
2546
2547
2547
2547
2547
2547
2550
2550
2550
2550
2550
2550
2550
2551
2551
2551
2552
2552
2554
2554
2554
2554
2556
2556
2556
2556
2556
2559
2559
2561
2561
2562
2562
2562
2562
2562
2562
2562
2562
2562
2562
2562
2562
2562
2562
2562
2562
2563
2563
2563
2563
2563
2563
2563
2563
2563
2563
2563
2563
2563
2563
2563
2563
2564
2564
2564
2564
2564
2564
2564
2565
2565
2565
2565
2565
2565
2565
2565
2565
2565
2565
2565
2565
2565
2565
2566
2566
2566
2566
2566
2566
2566
2566
2566
2568
2568
2570
2570
2570
2570
2570
2570
2570
2570
2570
2570
2570
2570
2570
2570
2571
2571
2572
2572
2572
2572
2572
2572
2572
2572
2572
2572
2572
2572
2572
2572
2573
2573
2573
2573
2573
2573
2573
2573
2574
2574
2575
2575
2575
2575
2575
2575
2575
2575
2575
2575
2575
2575
2575
2575
2575
2576
2576
2576
2576
2576
2580
2580
2580
2582
2582
2582
2582
2582
2582
2582
2582
2582
2582
2582
2582
2582
2583
2583
2583
2583
2584
2584
2584
2584
2584
2584
2584
2584
2584
2584
2584
2585
2585
2585
2585
2585
2585
2585
2585
2585
2585
2585
2585
2585
2585
2588
2588
2588
2588
2588
2588
2588
2588
2588
2588
2588
2588
2588
2588
2588
2588
2588
2588
2588
2589
2589
2589
2589
2589
2589
2589
2589
2589
2589
2589
2589
2589
2589
2590
2590
2590
2590
2591
2591
2593
2593
2593
2594
2594
2594
2594
2594
2594
2594
2594
2594
2594
2594
2594
2594
2594
2594
2594
2594
2594
2594
2596
2596
2596
2596
2596
2596
2596
2597
2597
2597
2597
2597
2597
2600
2600
2600
2600
2600
2600
2600
2600
2600
2600
2600
2600
2600
2602
2602
2602
2602
2602
2602
2603
2603
2603
2603
2603
2603
2603
2603
2603
2606
2606
2606
2606
2606
2606
2606
2606
2606
2606
2606
2606
2606
2606
2607
2607
2607
2607
2607
2607
2607
2608
2608
2608
2608
2608
2608
2608
2608
2610
2610
2610
2610
2610
2611
2611
2611
2611
2611
2611
2611
2611
2611
2611
2611
2611
2611
2611
2611
2611
2612
2612
2612
2612
2612
2612
2612
2612
2612
2612
2612
2612
2612
2612
2612
2613
2613
2613
2613
2613
2614
2614
2614
2615
2615
2615
2615
2615
2615
2616
2616
2617
2617
2618
2618
2618
2618
2619
2619
2619
2619
2619
2619
2619
2619
2619
2619
2619
2619
2619
2620
2620
2620
2620
2620
2620
2620
2620
2620
2620
2620
2621
2621
2621
2621
2621
2621
2622
2622
2622
2622
2622
2622
2622
2622
2622
2622
2622
2622
2623
2623
2623
2623
2623
2623
2625
2625
2625
2626
2626
2626
2626
2626
2627
2627
2627
2627
2627
2627
2627
2627
2628
2628
2628
2628
2628
2629
2629
2629
2629
2629
2629
2629
2629
2629
2630
2630
2630
2630
2630
2630
2630
2630
2630
2631
2631
2631
2631
2631
2631
2631
2631
2631
2631
2631
2631
2631
2632
2632
2632
2632
2633
2633
2633
2633
2633
2633
2633
2634
2634
2634
2634
2634
2634
2635
2635
2636
2636
2636
2636
2636
2638
2638
2638
2640
2640
2641
2641
2641
2641
2641
2641
2641
2641
2643
2643
2643
2643
2643
2643
2643
2643
2643
2643
2643
2643
2643
2643
2643
2643
2644
2644
2644
2644
2644
2644
2644
2644
2644
2644
2645
2645
2645
2645
2647
2647
2647
2647
2647
2648
2648
2648
2648
2648
2648
2649
2649
2649
2650
2650
2650
2650
2650
2650
2650
2650
2650
2650
2650
2650
2650
2651
2651
2651
2651
2652
2652
2654
2654
2654
2654
2655
2655
2655
2655
2655
2655
2655
2656
2656
2656
2656
2657
2657
2657
2657
2657
2657
2657
2657
2657
2657
2657
2657
2657
2657
2658
2658
2658
2658
2658
2658
2658
2658
2658
2658
2658
2658
2658
2658
2658
2658
2660
2660
2660
2662
2662
2662
2662
2662
2662
2662
2662
2662
2662
2662
2662
2662
2662
2663
2663
2664
2664
2665
2665
2665
2665
2665
2665
2665
2665
2665
2665
2666
2666
2666
2666
2667
2667
2667
2667
2667
2667
2667
2667
2668
2668
2669
2669
2669
2669
2669
2669
2670
2670
2670
2670
2670
2671
2671
2671
2671
2671
2671
2671
2672
2672
2673
2673
2673
2673
2673
2673
2673
2673
2673
2673
2673
2673
2674
2674
2674
2675
2675
2675
2675
2675
2675
2675
2675
2675
2678
2678
2678
2678
2678
2678
2678
2678
2678
2678
2678
2678
2680
2680
2680
2680
2680
2680
2680
2680
2680
2680
2680
2680
2680
2682
2682
2682
2682
2682
2682
2682
2682
2682
2682
2682
2682
2682
2682
2682
2682
2682
2682
2683
2683
2683
2683
2683
2683
2683
2683
2684
2684
2684
2684
2685
2685
2685
2685
2685
2685
2685
2685
2686
2686
2687
2687
2687
2687
2687
2687
2687
2688
2688
2688
2688
2688
2689
2689
2689
2689
2689
2689
2689
2689
2690
2690
2690
2690
2690
2690
2690
2691
2691
2691
2691
2691
2691
2693
2693
2693
2693
2694
2694
2694
2695
2695
2696
2696
2696
2696
2698
2698
2698
2698
2698
2698
2698
2698
2699
2699
2699
2699
2699
2699
2699
2701
2701
2701
2701
2701
2701
2701
2702
2702
2704
2704
2704
2704
2705
2705
2706
2706
2706
2706
2706
2706
2706
2707
2707
2707
2707
2707
2707
2707
2707
2707
2707
2707
2708
2708
2709
2709
2709
2709
2709
2709
2709
2709
2710
2710
2710
2710
2710
2710
2710
2713
2713
2713
2714
2714
2714
2714
2714
2714
2714
2714
2714
2714
2714
2714
2714
2714
2714
2716
2716
2716
2716
2717
2717
2717
2718
2718
2718
2718
2718
2718
2719
2719
2719
2719
2719
2719
2720
2720
2720
2720
2720
2720
2720
2720
2720
2720
2721
2721
2721
2722
2722
2722
2722
2723
2723
2723
2723
2723
2723
2723
2723
2723
2724
2724
2724
2724
2724
2724
2725
2725
2725
2725
2725
2725
2727
2727
2728
2728
2728
2728
2731
2731
2732
2732
2732
2732
2732
2732
2732
2732
2732
2732
2733
2733
2733
2733
2733
2733
2734
2734
2734
2734
2734
2737
2737
2737
2737
2737
2737
2737
2737
2737
2737
2737
2737
2737
2737
2737
2737
2737
2737
2737
2737
2738
2738
2738
2738
2738
2738
2738
2738
2738
2738
2738
2738
2738
2739
2739
2739
2739
2739
2739
2739
2740
2740
2740
2740
2740
2740
2740
2740
2740
2740
2740
2741
2741
2742
2742
2743
2743
2744
2744
2746
2746
2746
2746
2748
2748
2748
2748
2748
2748
2749
2749
2749
2749
2749
2750
2750
2750
2750
2750
2750
2750
2750
2751
2751
2751
2751
2751
2751
2751
2751
2751
2752
2752
2752
2752
2752
2752
2752
2752
2752
2752
2752
2752
2752
2752
2754
2754
2754
2754
2754
2754
2754
2755
2755
2755
2755
2755
2755
2755
2755
2755
2756
2756
2756
2756
2756
2756
2756
2756
2756
2756
2757
2757
2758
2758
2758
2758
2758
2759
2759
2759
2759
2759
2759
2760
2760
2761
2761
2761
2761
2761
2761
2761
2762
2762
2762
2762
2762
2762
2762
2762
2762
2762
2762
2762
2762
2762
2762
2763
2763
2763
2764
2764
2764
2764
2764
2766
2766
2767
2767
2768
2768
2769
2769
2769
2769
2769
2769
2769
2769
2769
2769
2769
2769
2769
2769
2769
2770
2770
2770
2770
2770
2770
2770
2770
2770
2770
2770
2770
2771
2771
2771
2771
2772
2772
2772
2772
2772
2772
2773
2773
2773
2773
2773
2773
2773
2774
2774
2774
2774
2775
2775
2775
2775
2775
2775
2775
2775
2775
2775
2775
2775
2775
2775
2775
2775
2776
2776
2778
2778
2778
2778
2779
2779
2779
2779
2780
2780
2780
2781
2781
2783
2783
2783
2783
2783
2783
2783
2783
2783
2783
2783
2783
2783
2783
2783
2783
2783
2784
2784
2784
2785
2785
2785
2785
2785
2785
2785
2785
2786
2786
2786
2786
2786
2786
2786
2786
2786
2786
2786
2786
2786
2786
2786
2786
2786
2787
2787
2787
2789
2789
2789
2790
2790
2790
2792
2792
2793
2793
2793
2793
2793
2793
2793
2793
2793
2793
2793
2793
2793
2793
2793
2793
2793
2794
2794
2794
2794
2794
2794
2794
2795
2795
2795
2795
2795
2795
2795
2795
2795
2795
2795
2795
2795
2795
2795
2795
2795
2796
2796
2796
2797
2797
2797
2797
2800
2800
2800
2800
2800
2800
2800
2800
